Number Correct : 48352
Number Total : 56824
Percent : 85.09080670139377
Confusion matrix:
Predicted  #    $   ''   (   )     ,     .    :    CC    CD    DT  EX    IN    JJ  JJR  JJS   MD    NN   NNP  NNPS   NNS  POS   PRP  PRP$    RB  RBR    TO    VB   VBD  VBG  VBN  VBP   VBZ  WDT   WP  WP$  WRB   ``
Actual                                                                                                                                                                                                              
           0    0    0   0   0     0     0    0     0     0     0   0     0     0    0    0    0     1     0     0     0    0     0     0     0    0     0     0     0    0    0    0     0    0    0    0    0    0
#          5    0    0   0   0     0     0    0     0     0     0   0     0     0    0    0    0     0     0     0     0    0     0     0     0    0     0     0     0    0    0    0     0    0    0    0    0    0
$          0  371    0   0   0     0     0    0     0     0     0   0     0     0    0    0    0     4     0     0     0    0     0     0     0    0     0     0     0    0    0    0     0    0    0    0    0    0
''         0    0  529   0   0     0     0    0     0     0     0   0     0     0    0    0    0     0     0     0     0    4     0     0     0    0     0     0     0    0    0    0     0    0    0    0    0    0
(          0    0    0  76   0     0     0    0     0     0     0   0     0     0    0    0    0     0     0     0     0    0     0     0     0    0     0     0     0    0    0    0     0    0    0    0    0    0
)          0    0    0   0  76     0     0    0     0     0     0   0     0     0    0    0    0     0     0     0     0    0     0     0     0    0     0     0     0    0    0    0     0    0    0    0    0    0
,          0    0    0   0   0  3070     0    0     0     0     0   0     0     0    0    0    0     0     0     0     0    0     0     0     0    0     0     0     0    0    0    0     0    0    0    0    0    0
.          0    0    0   0   0     0  2363    0     0     0     0   0     0     0    0    0    0     0     0     0     0    0     0     0     0    0     0     0     0    0    0    0     0    0    0    0    0    0
:          0    0    0   0   0     0     0  336     0     0     0   0     0     0    0    0    0     0     0     0     0    0     0     0     0    0     0     0     0    0    0    0     0    0    0    0    0    0
CC         0    0    0   0   0     0     0    0  1334     0    11   0     0     0    0    0    0    27     0     0     0    0     0     0     1    0     0     0     0    0    0    0     0    0    0    0    0    0
CD         0    0    0   0   0     0     0    0     0  1457     0   0     0     0    0    0    0   475     3     0     0    0     0     0     0    0     0     0     0    0    0    0     0    0    0    0    0    0
DT         0    0    0   0   0     0     0    0     0     0  4778   0    39     2    0    0    0     0     0     0     0    0     0     0     0    0     0     0     0    0    0    0     0    0    0    0    0    0
EX         0    0    0   0   0     0     0    0     0     0     0  27     0     0    0    0    0     0     0     0     0    0     0     0    30    0     0     0     0    0    0    0     0    0    0    0    0    0
FW         0    0    0   0   0     0     0    0     0     0     0   0     0     0    0    0    0    19     1     0     0    0     0     0     0    0     0     0     0    0    0    0     0    0    0    0    0    0
IN         0    0    0   0   0     0     0    0     0     0     7   0  5821     5    0    0    0    16     0     0     0    0     0     0    17    0     0     0     0    0    0    0     0    0    0    0    0    0
JJ         0    0    0   0   0     0     0    0     0     0     0   0    11  2401    0    1    0  1105    32     0     0    0     0     0    24    0     0     5    20   19   92    2     0    0    0    0    0    0
JJR        0    0    0   0   0     0     0    0     0     0     0   0     0     4  151    0    0    16     1     0     0    0     0     0     0   26     0     0     0    0    0    0     0    0    0    0    0    0
JJS        0    0    0   0   0     0     0    0     0     0     0   0     0     0    0  117    0    11     0     0     0    0     0     0     0    0     0     0     0    0    0    0     0    0    0    0    0    0
LS         0    0    0   0   0     0     0    0     0     4     0   0     0     0    0    0    0     0     0     0     0    0     0     0     0    0     0     0     0    0    0    0     0    0    0    0    0    0
MD         0    0    0   0   0     0     0    0     0     0     0   0     0     0    0    0  574    10     0     0     0    0     0     0     0    0     0     0     0    0    0    0     0    0    0    0    0    0
NN         0    0    0   0   0     0     0    0     1     0     4   0     1    71    0    0    2  7329    42     0     4    0     0     0     2    0     0    40    12   47    2   22     1    0    0    0    0    0
NNP        0    0    0   0   0     0     0    0     0     3     4   0     1    67    1    0    0  2349  3483    17    12    0     0     0     0    0     0     1     0    0    0    0     1    0    0    0    0    0
NNPS       0    0    0   0   0     0     0    0     0     0     0   0     0     5    0    0    0    19     2     6    10    0     0     0     0    0     0     0     0    0    0    0     0    0    0    0    0    0
NNS        0    0    0   0   0     0     0    0     0     6     0   0     0    15    0    0    0   729    10     7  2693    0     0     0     1    0     0     0     0    0    0    0    52    0    0    0    0    0
PDT        0    0    0   0   0     0     0    0     0     0    14   0     0     4    0    0    0     0     0     0     0    0     0     0     0    0     0     0     0    0    0    0     0    0    0    0    0    0
POS        0    0    2   0   0     0     0    0     0     0     0   0     0     0    0    0    0     0     0     0     0  489     0     0     0    0     0     0     0    0    0    0    60    0    0    0    0    0
PRP        0    0    0   0   0     0     0    0     0     4     0   0     0     0    0    0    0     2     0     0     0    0  1045     5     0    0     0     0     0    0    0    0     0    0    0    0    0    0
PRP$       0    0    0   0   0     0     0    0     0     0     0   0     0     0    0    0    0     3     0     0     0    0    12   495     0    0     0     0     0    0    0    0     0    0    0    0    0    0
RB         0    0    0   0   0     0     0    0     3     0    14   2   273    82    0    2    0   175     1     0     0    0     0     0  1495    0     0     3     0    0    0    0     0    0    0    0    0    0
RBR        0    0    0   0   0     0     0    0     0     0     0   0     0     6   63    0    0     2     0     0     0    0     0     0    23   18     0     0     0    0    0    0     0    0    0    0    0    0
RBS        0    0    0   0   0     0     0    0     0     0     0   0     0     0    0   30    0     0     0     0     0    0     0     0     0    0     0     0     0    0    0    0     0    0    0    0    0    0
RP         0    0    0   0   0     0     0    0     0     0     0   0   158     1    0    0    0     4     0     0     0    0     0     0    14    0     0     0     0    0    0    0     0    0    0    0    0    0
SYM        0    0    0   0   0     0     0    0     0     0     0   0     0     0    0    0    0     1     0     0     0    0     0     0     0    0     0     0     0    0    0    0     0    0    0    0    0    0
TO         0    0    0   0   0     0     0    0     0     0     0   0     0     0    0    0    0     0     0     0     0    0     0     0     0    0  1245     0     0    0    0    0     0    0    0    0    0    0
UH         0    0    0   0   0     0     0    0     0     0     1   0     0     0    0    0    0     4     0     0     0    0     0     0     3    0     0     0     0    0    0    0     0    0    0    0    0    0
VB         0    0    0   0   0     0     0    0     0     0     0   0     0    12    1    0    0   317     0     0     0    0     0     0     1    0     0  1190     3    0    4   61     0    0    0    0    0    0
VBD        0    0    0   0   0     0     0    0     0     0     0   0     0     3    0    0    0   145     0     0     0    0     0     0     0    0     0     2  1537    0  149    1     0    0    0    0    0    0
VBG        0    0    0   0   0     0     0    0     0     0     0   0     0    10    0    0    0   303     0     0     0    0     0     0     0    0     0     0     0  505    0    0     0    0    0    0    0    0
VBN        0    0    0   0   0     0     0    0     0     0     0   0     0    16    0    0    0   205     0     0     0    0     0     0     0    0     0     5   151    0  723    0     0    0    0    0    0    0
VBP        0    0    0   0   0     0     0    0     0     0     0   0     3     4    0    0    0   122     1     0     0    0     0     0     0    0     0    75     0    0    6  591     0    0    0    0    0    0
VBZ        0    0    0   0   0     0     0    0     0     0     0   0     0     0    0    0    0   100     0     0    39   12     0     0     0    0     0     0     0    0    0    0  1085    0    0    0    0    0
WDT        0    0    0   0   0     0     0    0     0     0     2   0   136     0    0    0    0     2     0     0     0    0     0     0     0    0     0     0     0    0    0    0     0  139    1    0    0    0
WP         0    0    0   0   0     0     0    0     0     0     0   0     0     0    0    0    0     0     0     0     0    0     0     0     0    0     0     0     0    0    0    0     0    0  111    0    0    0
WP$        0    0    0   0   0     0     0    0     0     0     0   0     0     0    0    0    0     0     0     0     0    0     0     0     0    0     0     0     0    0    0    0     0    0    0   21    0    0
WRB        0    0    0   0   0     0     0    0     0     0     0   0     0     0    0    0    0     1     0     0     0    0     0     0     1    0     0     0     0    0    0    0     0    0    0    0  131    0
``         0    0    0   0   0     0     0    0     0     0     0   0     0     0    0    0    0     0     0     0     0    0     0     0     0    0     0     0     0    0    0    0     0    0    0    0    0  535
